4
0 5 4 1
5 0 6 2
4 6 0 3
1 2 3 0

200001926 100000963

5 4
1 2 1
2 3 1
4 5 1
5 1 1

4
5 5 2
3 3 2
1 6 2
1 1 1

10
20 1 1
19 2 1
18 3 1
17 4 1
16 5 1
15 6 1
14 7 1
13 8 1
12 9 1
11 9 2

5 5
1 1
1 2
2 1
1 99
1 100

100 1
1 1
1 1
1 1
1 1
1 1
1 1
1 1
1 1
1 1
1 1
1 1
1 1
1 1
1 1
1 1
1 1
1 1
1 1
1 1
1 1
1 1
1 1
1 1
1 1
1 1
1 1
1 1
1 1
1 1
1 1
1 1
1 1
1 1
1 1
1 1
1 1
1 1
1 1
1 1
1 1
1 1
1 1
1 1
1 1
1 1
1 1
1 2
1 1
1 1
1 1
1 1
1 1
1 1
1 1
1 1
1 1
1 1
1 1
1 1
1 1
1 1
1 1
1 1
1 1
1 1
1 1
1 1
1 1
1 1
1 1
1 1
1 1
1 1
1 1
1 1
1 1
1 1
1 1
1 1
1 1
1 1
1 1
1 1
1 1
1 1
1 1
1 1
1 1
1 1
1 1
1 1
1 1
1 1
1 1
1 1
1 1
1 1
1 1
1 1
2 1
