91
32284 32133 11143 5306 22442 19124 22452 28997 18964 22935 32236 30273 886 18091 5189 7866 15039 13552 6733 29272 1544 6896 16891 23171 27429 24830 9445 21194 24186 13500 22964 30854 9232 13792 32213 15802 18153 24631 1906 17214 6800 22250 29601 7709 31475 29952 9435 3131 15989 18212 1455 23611 3648 21160 17335 3231 6360 19915 14028 26161 21238 11575 18550 5538 14995 10958 28582 2162 20547 10662 5288 4367 15044 6994 29011 5697 18647 19044 16771 20933 17742 11823 22473 25145 20839 11218 27232 13368 14680 26738 11363 
1 2 1733
2 3 4294
3 4 3821
3 5 14809
5 6 32424
2 7 16139
4 8 29441
2 9 16729
2 10 3446
3 11 11231
3 12 15522
9 13 24987
9 14 30745
13 15 30836
15 16 29588
4 17 9595
1 18 3406
16 19 15984
5 20 31661
10 21 29832
3 22 32293
21 23 11373
1 24 5466
6 25 6023
8 26 1668
15 27 29306
21 28 11800
5 29 3312
26 30 26021
16 31 32408
24 32 251
6 33 11631
1 34 9875
28 35 2366
6 36 1835
28 37 8291
7 38 14513
33 39 29141
26 40 14434
23 41 8291
39 42 22579
29 43 27452
1 44 7024
28 45 4020
27 46 18083
21 47 30789
35 48 9911
48 49 23764
18 50 21341
48 51 14390
26 52 28847
13 53 14067
3 54 13331
53 55 842
11 56 12387
6 57 4725
20 58 11595
1 59 22318
56 60 3570
45 61 32113
28 62 2780
52 63 4996
33 64 17167
12 65 17461
28 66 26740
19 67 1635
46 68 2945
6 69 26047
6 70 18965
27 71 18644
59 72 26019
65 73 22597
65 74 1171
40 75 27478
56 76 8933
34 77 7598
67 78 30232
55 79 29276
78 80 18506
1 81 10263
60 82 3744
71 83 8906
44 84 16104
1 85 3664
18 86 10365
65 87 7803
84 88 21611
81 89 4188
78 90 12500
66 91 20670
