100 100 10
1577400335751609367645382869068510671574650607548698496736427046836467669904342702868706144710721069
6780971474214495179137711001592142364444141708639918767499017751541491569605816093217522949123240246
1309613502777965256690421976314136972802927855704891479610871182486874945201318867102949099571019496
6543846942580561157218094186774449568206298408441839402276034223910929041319352955086732530337353620
2494440440684453922112601168935253037674565119417459688617909084731996018888968165965444417661253362
5717843048915425208799719819055096885380603340176451165975969083312986606515912626707546761491028891
4104668429027637824606213264611345097568485800208872144688238087505546896708481164246969423975403932
6761725604305716672808716436390380408965082645432103086107537062142157597112481393058581203805974469
4721647060214483507252958955526725298860770749092460643468303243558397185179446379529799961750456222
1001132072978358977165226776073045772614839264145695499331364714474491349830567743713249907759008981
7884706325315337849853021564615557889766275073635963972739131668697968196455958607746858503364863125
5245182801276837212685946452565899296637775682511706811267920875565649010191499264720024136013799226
5606650606804000123101261571497785378310362212703909966954127723015851533298994161503832461393180601
0167947014379000631573779228520954957011366464706892132345316900178773172935053183330458724840216916
8063891007431651192232486172168739855562318417727309789914694899038910536638015235739805783308681348
4073871450328157098752604736390450652868058951251359605258792278950359264783766115319766654011823138
7553714699997208928496027210537619385991294906248742359076116439004127342490550394076012240318925698
0541881160066253418158863727330627885595088342158743345432425717913083948061934359060550138806873284
8698578424894293704902432078113404204320213626341807239188955340751200682684383591184999479690109984
0784123635924755669244135447790395037690699436769558730018718859777390301276955727232109032215979792
1377657282937663585906755069356322317346511001988353946137615748633000486738837221823928453889317133
6107940814073068959617323516554097545931834801254144721183245351455779850516748474844858079094479966
0480844846199674576919883189776531783734360266761972027208575679653585858490097916889527831341847744
4419254365564430935127279708050604286646022973025244138578346153861117059308737064758643598666111108
9926698520343060044199531934051379524165798265759378062004798316635108683528879503451018560920089325
8040753419000419523388545742540335328739022444443523281646508190541799201676093049307517537653761473
1668789383889343421858206543912017733365640550472343094959450045035291008524941561723483332234324059
8745590578977122263028098359231206829396698483803631099906687784642955117366879827319266546660754594
5108978590720536241405100359128038059420296154529867108640146404094830854349515258889610173328807969
8630472025026564714293294988299448513348776254218935144809403755297703721944519333634040907513962041
6643715792160418736951172059590751512318848521817076993893170783800045533020964918901449963524855650
9582277588564972037656796712800281114727740697595338210345976062355953167880120444829260969648707723
5657933049062653960895833557715774279594944458892501093466306925641947445769002054397634343119597869
0121156578981071174304267468193564040102128134407119921411542697430753433501809042675005720395959442
7558687434416311992163525091248902315349334794460830962958418841907568199097763474231663874021429712
2702616132292539991035959746390514646177681291844360507860642962933483209741987417261543130998713030
3555375122452072412933593631630888288958991404576890589457543865490964861469189924184131211837634679
2880168818483594534643822826982082340418318904347843699261791998151334198408014091361184031852792383
7366010944739744807967124640012247227965124360900742967317462205735625847797359286930811768754001474
1068543755805274896531076863502854863823329653776669693656600890691153122689161822838311172074666053
2008741102453706669056803582541696095504534880134871874080243920587076493413281615741768712872213019
1353549293471759789241422493140040602583502850351511811195506752114490854635022747341926284952829238
3829814786621283709044358048915025056831858609686073036995888662181532910863619916051171178175221966
5341397146452363059010138293799439559013592873559488920885162547312898806392837353819560105335615875
6656568466228932072251749243173613293030325776832021599329688521164504693904801468520773965082508715
5117272764259270689459116068582484241244856983807030158566634274289524098177020165162725515174814584
0961899319769665749465713877354253011001281658017918814093088559642396219683516832438846536552532439
1606588940590503762973195881231287940887543205696874246086693174797551819523832570155610839203197114
1645528499897958089625588660383663489832680288150384919957214015710227248108697374947862029619392922
4298224663575345280763000419434071683884159326059100817142353238217230767145747240053556456305214587
1851452306012023091916878435195546291769881314212052842406373008352544549956998737200031916139175493
2651843811192293809808873021583763420189285910146821843647600280394363588190901158489522847236286391
5323912700947296001775269075858523402600536694268311920481680708407231157069311609512114545045529845
5336835132349798507073525023487690407037720287589319773479951331057322410130269107744726698267567333
4809014539751185375476924138708399505318249324881026904923475095459652735630542183276400422672284486
5920604216477069831847696550541228380225182283666645552856010840395366317926155243437034500698797063
0331481259989633382597957283456360012955186089390705490560780835902597391154222395451330351509303010
0240102183809883743495954684189709094328755051534440929237214250477443910951271818462200056211715859
0164709203708175582985655874516079921853879891173779242211114942008756131382759228759266893876142199
4292465832911508020963990468488771324745142850203829899822543841769243650763321792658241286070053594
3191008006821404342256317666478007090488303381523006886590581889377502741304339541027312519363247010
3350243238934912312920828999057483703703756847762965522420546425669685551960661738188071598585908965
2503687944370300946945929361290639860904844028289872861036201463086156185583871203754982907261328325
8656054880567074633277748565581760646161714679751268863278634798987225491245333304300260175615439961
4084928427588865041080469705563085031405193145363672469428507820363065207218302566494264776087223927
3509011729324184441710352117195336671443077594097765677419480492132648086361496050928938147452483348
5757835613862521013340183100092830141010276595362773960284338209300100066149512872741100735660353363
0425260389052597790609020932301643675760863182065731271236712986317684512437232162793423426061944853
1654468317175894626215834779139645673962410359518368865693159337864029702091729507418806887219747815
2333515736907867155621720618653003780298281090806116860510562001381123500174190341225276913591866550
4307235489118690786494385315741157438838143277279205606491011433442579149790895335914220789730912248
2105913142061196268902484837416838204728024123234012919639790341611755652831128808750387320312678534
1120536268317268965217427687986902868746561082748680990186630399173941703089551970848894151183919956
8296053598831779891950524649925732629861225586524988494759398078204210961964578028915584864179189193
3344085842641457881382951358775065530543149786092272262022545391918647131833307953620817930142507817
3362390078414848936021727899675643599544805227298507514459313488382719647720620607999781149884251226
4240025596312660569826321420883206886362522273409777127874799970888708131499287478662827308423809408
5111476031922900472975608768268987641082780783594402741146156520343211002965630733954953027743509054
1705702807162790473998547013929208712649089986836551793390052722311050944519872230271156164281815147
0137285006700018503205917822460567133696784427878731721573177351521820905050049653133386049833531164
6452882698395159706879337493052015609170906410592811047260531584862392879819921754204438338773272795
8639910087803437981239957778461487287489440525061832982981389043631781757810101078262238416934440161
3291651135442662452777427935128446744860157405812574679494138872505864898160113296955153670742243926
9311092126338409938782416702856837832993356823561257640731561666031584503303368065699440451654057123
5868305280823577706430937985695557420624961258285741747881802320139310425216935334290663562640372133
5558087798234737578076147042330456225733615581256921870764717288143716411486215572691457590807488567
5399904575132766481874225549751221037793830585449422299900225339212463310000915854466637848478288364
3725219165711819476110868956163686056977477999311442452534250360245573421502303205168422416168305258
5758102908722453935622176217925841800394012137502391377954051109344681518338761931832685288800841384
0506904696267927358620190148902573666065506587719861937279496625019483694161521939464861814762377542
4575379813029977104972014447799278818636712243324594587579759844987515534693087915194319053487937294
9315804840932610843541441789370864018116872563135250464340105080158400453041049513237416848303767305
0319842911701422623294473050425636009801527766530983759226832503433282547240538499613706900591853702
0657233160848232032073061690624570101545067264243674234577880015886570200386487232163416071691966612
4114391632590680104586158027061175976562287947057157062396247421836638546116434285014015879542376322
1509751663033033858222732149777107924508352098296205608828598659904178334065218852782335226867314658
0245696170995306842819722831083444686400841757375507798152976561255880469643159935472790325227935032
5040904302475384428114744579452694875411786905681579615136231086721513195235721804703238906876815292
1044199857840304658254207889647520214934781648287975077933537242418477754975891803091190533608250289
0504018954303168793902358890748344816163210711763138187810028562358112550426029486744353269027003228
11 72
49 21
35 42
15 2
47 89
19 96
87 53
81 41
65 25
34 0
